
=================================================================
Test Case: IEEE 14-bus System
=================================================================
Zero Injection Buses: 7 
Method: Recursive Security N Algorithm
Time taken:0.076339s

Test case: IEEE 14-bus System
No. of PMUs: 3
Placement (bus no.):
  2 9 6 

PMU location (connections):
Solution 1 - Bus 2 ( 1 2 3 4 5 ) Bus 9 ( 4 7 9 10 14 ) Bus 6 ( 5 6 11 12 13 ) 

=================================================================
Test Case: IEEE 30-bus System
=================================================================
Zero Injection Buses: 6 9 22 25 27 28 
Method: Recursive Security N Algorithm
Time taken:0.295550s

Test case: IEEE 30-bus System
No. of PMUs: 7
Placement (bus no.):
  3 19 7 12 10 27 24 
  3 19 7 12 10 30 24 
  3 19 2 12 10 27 24 
  3 19 2 12 10 30 24 

PMU location (connections):
Solution 1 - Bus 3 ( 1 3 4 ) Bus 19 ( 18 19 20 ) Bus 7 ( 5 6 7 ) Bus 12 ( 4 12 13 14 15 16 ) Bus 10 ( 6 9 10 17 20 21 22 ) Bus 27 ( 25 27 28 29 30 ) Bus 24 ( 22 23 24 25 ) 
Solution 2 - Bus 3 ( 1 3 4 ) Bus 19 ( 18 19 20 ) Bus 7 ( 5 6 7 ) Bus 12 ( 4 12 13 14 15 16 ) Bus 10 ( 6 9 10 17 20 21 22 ) Bus 30 ( 27 29 30 ) Bus 24 ( 22 23 24 25 ) 
Solution 3 - Bus 3 ( 1 3 4 ) Bus 19 ( 18 19 20 ) Bus 2 ( 1 2 4 5 6 ) Bus 12 ( 4 12 13 14 15 16 ) Bus 10 ( 6 9 10 17 20 21 22 ) Bus 27 ( 25 27 28 29 30 ) Bus 24 ( 22 23 24 25 ) 
Solution 4 - Bus 3 ( 1 3 4 ) Bus 19 ( 18 19 20 ) Bus 2 ( 1 2 4 5 6 ) Bus 12 ( 4 12 13 14 15 16 ) Bus 10 ( 6 9 10 17 20 21 22 ) Bus 30 ( 27 29 30 ) Bus 24 ( 22 23 24 25 ) 

=================================================================
Test Case: IEEE 57-bus System
=================================================================
Zero Injection Buses: 4 7 11 21 22 24 26 34 36 37 39 40 45 46 48 
Method: Recursive Security N Algorithm
Time taken:10.290707s

Test case: IEEE 57-bus System
No. of PMUs: 12
Placement (bus no.):
  32 30 56 38 51 54 27 13 1 29 19 4 
  32 30 24 56 38 51 54 13 1 29 19 4 

PMU location (connections):
Solution 1 - Bus 32 ( 31 32 33 34 ) Bus 30 ( 25 30 31 ) Bus 56 ( 40 41 42 56 57 ) Bus 38 ( 22 37 38 44 48 49 ) Bus 51 ( 10 50 51 ) Bus 54 ( 53 54 55 ) Bus 27 ( 26 27 28 ) Bus 13 ( 9 11 12 13 14 15 49 ) Bus 1 ( 1 2 15 16 17 ) Bus 29 ( 7 28 29 52 ) Bus 19 ( 18 19 20 ) Bus 4 ( 3 4 5 6 18 ) 
Solution 2 - Bus 32 ( 31 32 33 34 ) Bus 30 ( 25 30 31 ) Bus 24 ( 23 24 25 26 ) Bus 56 ( 40 41 42 56 57 ) Bus 38 ( 22 37 38 44 48 49 ) Bus 51 ( 10 50 51 ) Bus 54 ( 53 54 55 ) Bus 13 ( 9 11 12 13 14 15 49 ) Bus 1 ( 1 2 15 16 17 ) Bus 29 ( 7 28 29 52 ) Bus 19 ( 18 19 20 ) Bus 4 ( 3 4 5 6 18 ) 

=================================================================
Test Case: IEEE 118-bus System
=================================================================
Zero Injection Buses: 5 9 30 37 38 63 64 68 71 81 
Method: Recursive Security N Algorithm
Time taken:2.280908s

Test case: IEEE 118-bus System
No. of PMUs: 36
Placement (bus no.):
  1 13 12 19 36 5 9 29 115 21 43 37 32 25 59 53 62 58 41 57 72 46 110 105 49 70 118 101 78 80 94 91 82 89 84 86 
  1 13 12 19 36 5 9 29 115 21 43 37 32 25 59 53 62 58 41 57 72 46 110 105 49 70 118 101 78 80 95 92 90 82 85 87 
  1 13 12 19 36 5 9 29 115 21 43 37 32 25 59 53 62 58 41 57 73 46 110 105 49 70 118 101 78 80 94 91 82 89 84 86 
  1 13 12 19 36 5 9 29 115 21 43 37 32 25 59 53 62 58 41 57 73 46 110 105 49 70 118 101 78 80 95 92 90 82 85 87 

PMU location (connections):
Solution 1 - Bus 1 ( 1 2 3 ) Bus 13 ( 11 13 15 ) Bus 12 ( 2 3 7 11 12 14 16 117 ) Bus 19 ( 15 18 19 20 34 ) Bus 36 ( 34 35 36 ) Bus 5 ( 3 4 5 6 8 11 ) Bus 9 ( 8 9 10 ) Bus 29 ( 28 29 31 ) Bus 115 ( 27 114 115 ) Bus 21 ( 20 21 22 ) Bus 43 ( 34 43 44 ) Bus 37 ( 33 34 35 37 38 39 40 ) Bus 32 ( 23 27 31 32 113 114 ) Bus 25 ( 23 25 26 27 ) Bus 59 ( 54 55 56 59 60 61 63 ) Bus 53 ( 52 53 54 ) Bus 62 ( 60 61 62 66 67 ) Bus 58 ( 51 56 58 ) Bus 41 ( 40 41 42 ) Bus 57 ( 50 56 57 ) Bus 72 ( 24 71 72 ) Bus 46 ( 45 46 47 48 ) Bus 110 ( 103 109 110 111 112 ) Bus 105 ( 103 104 105 106 107 108 ) Bus 49 ( 42 45 47 48 49 50 51 54 66 69 ) Bus 70 ( 24 69 70 71 74 75 ) Bus 118 ( 75 76 118 ) Bus 101 ( 100 101 102 ) Bus 78 ( 77 78 79 ) Bus 80 ( 77 79 80 81 96 97 98 99 ) Bus 94 ( 92 93 94 95 96 100 ) Bus 91 ( 90 91 92 ) Bus 82 ( 77 82 83 96 ) Bus 89 ( 85 88 89 90 92 ) Bus 84 ( 83 84 85 ) Bus 86 ( 85 86 87 ) 
Solution 2 - Bus 1 ( 1 2 3 ) Bus 13 ( 11 13 15 ) Bus 12 ( 2 3 7 11 12 14 16 117 ) Bus 19 ( 15 18 19 20 34 ) Bus 36 ( 34 35 36 ) Bus 5 ( 3 4 5 6 8 11 ) Bus 9 ( 8 9 10 ) Bus 29 ( 28 29 31 ) Bus 115 ( 27 114 115 ) Bus 21 ( 20 21 22 ) Bus 43 ( 34 43 44 ) Bus 37 ( 33 34 35 37 38 39 40 ) Bus 32 ( 23 27 31 32 113 114 ) Bus 25 ( 23 25 26 27 ) Bus 59 ( 54 55 56 59 60 61 63 ) Bus 53 ( 52 53 54 ) Bus 62 ( 60 61 62 66 67 ) Bus 58 ( 51 56 58 ) Bus 41 ( 40 41 42 ) Bus 57 ( 50 56 57 ) Bus 72 ( 24 71 72 ) Bus 46 ( 45 46 47 48 ) Bus 110 ( 103 109 110 111 112 ) Bus 105 ( 103 104 105 106 107 108 ) Bus 49 ( 42 45 47 48 49 50 51 54 66 69 ) Bus 70 ( 24 69 70 71 74 75 ) Bus 118 ( 75 76 118 ) Bus 101 ( 100 101 102 ) Bus 78 ( 77 78 79 ) Bus 80 ( 77 79 80 81 96 97 98 99 ) Bus 95 ( 94 95 96 ) Bus 92 ( 89 91 92 93 94 100 102 ) Bus 90 ( 89 90 91 ) Bus 82 ( 77 82 83 96 ) Bus 85 ( 83 84 85 86 88 89 ) Bus 87 ( 86 87 ) 
Solution 3 - Bus 1 ( 1 2 3 ) Bus 13 ( 11 13 15 ) Bus 12 ( 2 3 7 11 12 14 16 117 ) Bus 19 ( 15 18 19 20 34 ) Bus 36 ( 34 35 36 ) Bus 5 ( 3 4 5 6 8 11 ) Bus 9 ( 8 9 10 ) Bus 29 ( 28 29 31 ) Bus 115 ( 27 114 115 ) Bus 21 ( 20 21 22 ) Bus 43 ( 34 43 44 ) Bus 37 ( 33 34 35 37 38 39 40 ) Bus 32 ( 23 27 31 32 113 114 ) Bus 25 ( 23 25 26 27 ) Bus 59 ( 54 55 56 59 60 61 63 ) Bus 53 ( 52 53 54 ) Bus 62 ( 60 61 62 66 67 ) Bus 58 ( 51 56 58 ) Bus 41 ( 40 41 42 ) Bus 57 ( 50 56 57 ) Bus 73 ( 71 73 ) Bus 46 ( 45 46 47 48 ) Bus 110 ( 103 109 110 111 112 ) Bus 105 ( 103 104 105 106 107 108 ) Bus 49 ( 42 45 47 48 49 50 51 54 66 69 ) Bus 70 ( 24 69 70 71 74 75 ) Bus 118 ( 75 76 118 ) Bus 101 ( 100 101 102 ) Bus 78 ( 77 78 79 ) Bus 80 ( 77 79 80 81 96 97 98 99 ) Bus 94 ( 92 93 94 95 96 100 ) Bus 91 ( 90 91 92 ) Bus 82 ( 77 82 83 96 ) Bus 89 ( 85 88 89 90 92 ) Bus 84 ( 83 84 85 ) Bus 86 ( 85 86 87 ) 
Solution 4 - Bus 1 ( 1 2 3 ) Bus 13 ( 11 13 15 ) Bus 12 ( 2 3 7 11 12 14 16 117 ) Bus 19 ( 15 18 19 20 34 ) Bus 36 ( 34 35 36 ) Bus 5 ( 3 4 5 6 8 11 ) Bus 9 ( 8 9 10 ) Bus 29 ( 28 29 31 ) Bus 115 ( 27 114 115 ) Bus 21 ( 20 21 22 ) Bus 43 ( 34 43 44 ) Bus 37 ( 33 34 35 37 38 39 40 ) Bus 32 ( 23 27 31 32 113 114 ) Bus 25 ( 23 25 26 27 ) Bus 59 ( 54 55 56 59 60 61 63 ) Bus 53 ( 52 53 54 ) Bus 62 ( 60 61 62 66 67 ) Bus 58 ( 51 56 58 ) Bus 41 ( 40 41 42 ) Bus 57 ( 50 56 57 ) Bus 73 ( 71 73 ) Bus 46 ( 45 46 47 48 ) Bus 110 ( 103 109 110 111 112 ) Bus 105 ( 103 104 105 106 107 108 ) Bus 49 ( 42 45 47 48 49 50 51 54 66 69 ) Bus 70 ( 24 69 70 71 74 75 ) Bus 118 ( 75 76 118 ) Bus 101 ( 100 101 102 ) Bus 78 ( 77 78 79 ) Bus 80 ( 77 79 80 81 96 97 98 99 ) Bus 95 ( 94 95 96 ) Bus 92 ( 89 91 92 93 94 100 102 ) Bus 90 ( 89 90 91 ) Bus 82 ( 77 82 83 96 ) Bus 85 ( 83 84 85 86 88 89 ) Bus 87 ( 86 87 ) 

=================================================================
Test Case: Utility Kerteh Distribution Level Test Case System
=================================================================
Zero Injection Buses: 2 3 4 5 7 11 12 13 16 
Method: Recursive Security N Algorithm
Time taken:0.168073s

Test case: Utility Kerteh Distribution Level Test Case System
No. of PMUs: 8
Placement (bus no.):
  14 7 2 
  14 7 1 
  14 7 3 
  14 7 4 
  15 7 2 
  15 7 1 
  15 7 3 
  15 7 4 

PMU location (connections):
Solution 1 - Bus 14 ( 13 14 ) Bus 7 ( 5 7 8 9 10 11 12 13 ) Bus 2 ( 1 2 3 ) 
Solution 2 - Bus 14 ( 13 14 ) Bus 7 ( 5 7 8 9 10 11 12 13 ) Bus 1 ( 1 2 4 ) 
Solution 3 - Bus 14 ( 13 14 ) Bus 7 ( 5 7 8 9 10 11 12 13 ) Bus 3 ( 2 3 4 ) 
Solution 4 - Bus 14 ( 13 14 ) Bus 7 ( 5 7 8 9 10 11 12 13 ) Bus 4 ( 1 3 4 5 ) 
Solution 5 - Bus 15 ( 13 15 ) Bus 7 ( 5 7 8 9 10 11 12 13 ) Bus 2 ( 1 2 3 ) 
Solution 6 - Bus 15 ( 13 15 ) Bus 7 ( 5 7 8 9 10 11 12 13 ) Bus 1 ( 1 2 4 ) 
Solution 7 - Bus 15 ( 13 15 ) Bus 7 ( 5 7 8 9 10 11 12 13 ) Bus 3 ( 2 3 4 ) 
Solution 8 - Bus 15 ( 13 15 ) Bus 7 ( 5 7 8 9 10 11 12 13 ) Bus 4 ( 1 3 4 5 ) 
